,Theta,L_Offset,Area,Max_Force
0,5.0,0.1,0.002,252.75484767621
1,5.0,0.1,0.004,505.4896617823715
2,5.0,0.1,0.006,758.2241738375474
3,5.0,0.1,0.008,1010.9586078096762
4,5.0,0.1,0.01,1263.6930101202859
5,5.0,0.325,0.002,821.4562366048757
6,5.0,0.325,0.004,1642.8432631744467
7,5.0,0.325,0.006,2464.2301903230477
8,5.0,0.325,0.008,3285.617093055987
9,5.0,0.325,0.01,4107.003986392759
10,5.0,0.55,0.002,1390.1567609931676
11,5.0,0.55,0.004,2780.1958989253008
12,5.0,0.55,0.006,4170.234977281337
13,5.0,0.55,0.008,5560.274040709485
14,5.0,0.55,0.01,6950.3130980980095
15,5.0,0.775,0.002,1958.8593719381836
16,5.0,0.775,0.004,3917.552815421594
17,5.0,0.775,0.006,5876.246216781642
18,5.0,0.775,0.008,7834.939607660161
19,5.0,0.775,0.01,9793.632994405501
20,5.0,1.0,0.002,2527.5582070138353
21,5.0,1.0,0.004,5054.902214221739
22,5.0,1.0,0.006,7582.246188562319
23,5.0,1.0,0.008,10109.59015467731
24,5.0,1.0,0.01,12636.934117427218
25,15.0,0.1,0.002,89.23657052620082
26,15.0,0.1,0.004,178.4353897875224
27,15.0,0.1,0.006,267.6294688919613
28,15.0,0.1,0.008,356.8220173299501
29,15.0,0.1,0.01,446.0138806656124
30,15.0,0.325,0.002,290.074811542219
31,15.0,0.325,0.004,579.9487255867701
32,15.0,0.325,0.006,869.8199450683616
33,15.0,0.325,0.008,1159.6904704805083
34,15.0,0.325,0.01,1449.5607148788422
35,15.0,0.55,0.002,490.90478402739325
36,15.0,0.55,0.004,981.4560857794578
37,15.0,0.55,0.006,1472.0057141280004
38,15.0,0.55,0.008,1962.554918632123
39,15.0,0.55,0.01,2453.1039524722532
40,15.0,0.775,0.002,691.7332159878594
41,15.0,0.775,0.004,1382.96309496231
42,15.0,0.775,0.006,2074.1917744905277
43,15.0,0.775,0.008,2765.4201527462837
44,15.0,0.775,0.01,3456.6484102946906
45,15.0,1.0,0.002,892.5606662749113
46,15.0,1.0,0.004,1784.4690824711786
47,15.0,1.0,0.006,2676.3765640655224
48,15.0,1.0,0.008,3568.2838113385583
49,15.0,1.0,0.01,4460.1909647881375
50,25.0,0.1,0.002,54.886454129421246
51,25.0,0.1,0.004,109.7429071561368
52,25.0,0.1,0.006,164.5902674627503
53,25.0,0.1,0.008,219.43367737179483
54,25.0,0.1,0.01,274.2750166489673
55,25.0,0.325,0.002,178.5503728426957
56,25.0,0.325,0.004,356.7894910760713
57,25.0,0.325,0.006,535.0163009984794
58,25.0,0.325,0.008,713.2397573510218
59,25.0,0.325,0.01,891.4618237761467
60,25.0,0.55,0.002,302.2052456735365
61,25.0,0.55,0.004,603.8208375033907
62,25.0,0.55,0.006,905.4280724735789
63,25.0,0.55,0.008,1207.0331513825208
64,25.0,0.55,0.01,1508.6373568071028
65,25.0,0.775,0.002,425.8524582881183
66,25.0,0.775,0.004,850.847647009748
67,25.0,0.775,0.006,1275.836673248334
68,25.0,0.775,0.008,1700.8241339032363
69,25.0,0.775,0.01,2125.810964261673
70,25.0,1.0,0.002,549.4966179688854
71,25.0,1.0,0.004,1097.872802162532
72,25.0,1.0,0.006,1646.2441346867452
73,25.0,1.0,0.008,2194.6142424555605
74,25.0,1.0,0.01,2742.983858408908
75,35.0,0.1,0.002,38.890145899622745
76,35.0,0.1,0.004,77.76267973485713
77,35.0,0.1,0.006,116.62649387761721
78,35.0,0.1,0.008,155.48535670524421
79,35.0,0.1,0.01,194.34113858406874
80,35.0,0.325,0.002,126.68762220019798
81,35.0,0.325,0.004,252.99245791997086
82,35.0,0.325,0.006,379.2647761411342
83,35.0,0.325,0.008,505.52737746519085
84,35.0,0.325,0.01,631.7857844210567
85,35.0,0.55,0.002,214.5163539182071
86,35.0,0.55,0.004,428.2126753299219
87,35.0,0.55,0.006,641.8832492724549
88,35.0,0.55,0.008,855.5469280126749
89,35.0,0.55,0.01,1069.2077697420332
90,35.0,0.775,0.002,302.32877749561635
91,35.0,0.775,0.004,603.4204082092009
92,35.0,0.775,0.006,904.4921657507196
93,35.0,0.775,0.008,1205.558774705901
94,35.0,0.775,0.01,1506.6232942598701
95,35.0,1.0,0.002,390.132732808735
96,35.0,1.0,0.004,778.6231366795645
97,35.0,1.0,0.006,1167.0975925438063
98,35.0,1.0,0.008,1555.5679740825697
99,35.0,1.0,0.01,1944.0367115925549
100,45.0,0.1,0.002,29.131717963349242
101,45.0,0.1,0.004,58.254685196678054
102,45.0,0.1,0.006,87.3718186109394
103,45.0,0.1,0.008,116.48486835141983
104,45.0,0.1,0.01,145.59494814714276
105,45.0,0.325,0.002,95.07212225137083
106,45.0,0.325,0.004,189.7487670040518
107,45.0,0.325,0.006,284.36245017566176
108,45.0,0.325,0.008,378.95452088791063
109,45.0,0.325,0.01,473.5366236859551
110,45.0,0.55,0.002,161.15640078596266
111,45.0,0.55,0.004,321.2897915553092
112,45.0,0.55,0.006,481.35973984525515
113,45.0,0.55,0.008,641.4115795535358
114,45.0,0.55,0.01,801.4557612607299
115,45.0,0.775,0.002,227.22582835331008
116,45.0,0.775,0.004,452.80748061935674
117,45.0,0.775,0.006,678.3361483555775
118,45.0,0.775,0.008,903.8506017140036
119,45.0,0.775,0.01,1129.3592022640453
120,45.0,1.0,0.002,293.2784713368806
121,45.0,1.0,0.004,584.3129437103624
122,45.0,1.0,0.006,875.303416095602
123,45.0,1.0,0.008,1166.282400799019
124,45.0,1.0,0.01,1457.2567086993377
